1744698974678 1.0 68
1744698991865 2.0 136
1744699009035 3.0 204
1744699026163 4.0 272
1744699043316 5.0 340
1744699060443 6.0 408
1744699077598 7.0 476
1744699083544 7.35 500
1744699094752 8.0 544
1744699111924 9.0 612
1744699129093 10.0 680
1744699146260 11.0 748
1744699163501 12.0 816
1744699181124 13.0 884
1744699198842 14.0 952
1744699211114 14.71 1000
1744699216725 15.0 1020
1744699234934 16.0 1088
1744699253199 17.0 1156
1744699271582 18.0 1224
1744699289924 19.0 1292
1744699308200 20.0 1360
1744699308207 20.0 1360
