1744696705165 1.0 68
1744696722317 2.0 136
1744696739372 3.0 204
1744696756390 4.0 272
1744696773423 5.0 340
1744696790463 6.0 408
1744696807582 7.0 476
1744696813439 7.35 500
1744696825423 8.0 544
1744696843347 9.0 612
1744696860879 10.0 680
1744696878394 11.0 748
1744696896339 12.0 816
1744696914391 13.0 884
1744696932797 14.0 952
1744696945637 14.71 1000
1744696951404 15.0 1020
1744696970015 16.0 1088
1744696988917 17.0 1156
1744697007780 18.0 1224
1744697026752 19.0 1292
1744697045278 20.0 1360
1744697045284 20.0 1360
