1744697085847 1.0 68
1744697103927 2.0 136
1744697121859 3.0 204
1744697139523 4.0 272
1744697157363 5.0 340
1744697175268 6.0 408
1744697193111 7.0 476
1744697199201 7.35 500
1744697211034 8.0 544
1744697228902 9.0 612
1744697246706 10.0 680
1744697264599 11.0 748
1744697282665 12.0 816
1744697300736 13.0 884
1744697319017 14.0 952
1744697331748 14.71 1000
1744697337566 15.0 1020
1744697355899 16.0 1088
1744697374302 17.0 1156
1744697392641 18.0 1224
1744697411152 19.0 1292
1744697429498 20.0 1360
1744697429504 20.0 1360
