1744699759404 1.0 68
1744699776783 2.0 136
1744699794002 3.0 204
1744699811249 4.0 272
1744699828424 5.0 340
1744699845688 6.0 408
1744699862958 7.0 476
1744699869191 7.35 500
1744699880450 8.0 544
1744699897484 9.0 612
1744699914511 10.0 680
1744699931567 11.0 748
1744699948929 12.0 816
1744699966542 13.0 884
1744699984550 14.0 952
1744699997082 14.71 1000
1744700002786 15.0 1020
1744700020920 16.0 1088
1744700039024 17.0 1156
1744700057122 18.0 1224
1744700075112 19.0 1292
1744700092988 20.0 1360
1744700092995 20.0 1360
